38885 100110100101001010010010101
66241 101100011000010101001000111
37934 100110100011010000110010011
32823 100110001011001000101001101
41176 101001000110001110001011001
84698 110010010010110010100100101
35568 100110010100101001100100101
83688 110010001100110010010100101
05127 111000010100001100101100011
67995 101100100011010010100010101
01290 111000000110010110100110001
99551 110100101000101001010000111
87470 110010100010100110001110001
35797 100110010101000110100100011
30041 100110110001100001001000111
07634 111000100010110000110010011
09349 111000101000011001001101001
00495 111000110000100110100010101
64362 101100010010011001100001011
04058 111000010011100001010100101
99451 110100101000100101010000111
91815 110100000111001000011010101
52943 101010001011010001001001101
01839 111000000111001000110101001
85595 110010010100101010100010101
99740 110100101001000101001110001
45889 101001010101001010010101001
30376 100110110000011010001011001
45737 101001010101000100110100011
94730 110100010011000100110110001
32999 100110001011010010100101001
05873 111000010101001010001001101
41204 101001000110010111000010011
26905 100101011001010011000010101
91489 110100000110100110010101001
98103 110100100100001111000001101
13494 100011001100100110100010011
24640 100101010010110001001110001
89943 110010101001010001001001101
38369 100110100100011001100101001
63252 101100001100010101010001011
80118 110010110000001100011100101
14330 100011010010011000110110001
57439 101010100010100100110101001
44844 101001010011001001001010011
83053 110010001101100001010001101
85238 110010010100010100110100101
45911 101001010101010000011000111
01711 111000000111000100011000111
23458 100101001100100101010100101
77836 110001100011001000110011001
19904 100011101001010011000010011
78061 110001100101100001100000111
93149 110100001100001101001101001
45054 101001010101100001010010011
18085 100011100101100010010010101
19610 100011101000110000011110001
76576 110001011000101010001011001
98303 110100100100011011000001101
69994 101100101001010010100010011
40406 101001110000100111000011001
87513 110010100010101000011001101
93812 110100001101001000011001011
10091 100011110001100010100000111
62663 101100001010110001100001101
75737 110001010101000100110100011
24457 100101010010100101010100011
59609 101010101000110011000101001
31417 100110000110100100011100011
94690 110100010010110010100110001
08939 111000100101010000110101001
40843 101001110001001001001001101
95435 110100010100100100110010101
37204 100110100010010111000010011
55969 101010010101010001100101001
34250 100110010010010101010110001
87704 110010100011000111000010011
34488 100110010010100110010100101
81993 110010000111010010100001101
97145 110100100010001101001010101
27221 100101100010010100101000111
80340 110010110000011001001110001
31418 100110000110100100011100101
38715 100110100101000100011010101
89943 110010101001010001001001101
36773 100110011001000110001001101
05449 111000010100100101001101001
93955 110100001101010001010010101
28928 100101100101010000101100101
08480 111000100100100110010110001
48323 101001100100011000101001101
66635 101100011000110000110010101
21524 100101000110101000101010011
24025 100101010011100000101010101
84105 110010010010001111000010101
54423 101010010010100100101001101
93310 110100001100011000011110001
68765 101100100101000101100010101
69906 101100101001010011000011001
69993 101100101001010010100001101
